Cycle_id,T2DM_diagnosis_event,T2DM_death_event,CHD_diagnosis_event,CHD_death_event,HCC_diagnosis_event,HCC_death_event
0,0,0,0,0,0,0
1,0,0,0,0,0,0
2,0,0,0,0,0,0
3,263,70,142,36,0,15
4,299,66,130,41,2,5
5,283,82,147,46,4,0
6,305,86,146,50,1,10
7,311,77,139,51,3,10
8,319,91,133,47,2,10
9,269,99,117,52,3,15
10,288,94,123,45,4,10
11,270,100,143,47,7,15
12,286,113,134,45,3,30
13,319,116,144,53,2,10
14,281,101,174,51,6,15
15,331,129,141,44,3,25
16,274,126,150,54,3,10
17,317,144,159,53,7,30
18,323,130,158,52,3,20
19,294,136,143,53,9,10
20,303,150,146,48,3,20
21,288,157,168,58,6,5
22,284,126,157,52,7,50
23,307,177,178,54,11,35
24,258,194,165,59,6,55
25,252,162,173,67,7,25
26,298,175,184,61,7,35
27,272,167,149,61,5,25
Cycle_id,T2DM_diagnosis_event,T2DM_death_event,CHD_diagnosis_event,CHD_death_event,HCC_diagnosis_event,HCC_death_event
0,0,0,0,0,0,0
1,0,0,0,0,0,0
2,0,0,0,0,0,0
3,263,70,142,36,0,15
4,297,66,130,41,2,5
5,281,82,147,46,4,0
6,301,86,144,50,1,10
7,309,76,138,51,3,10
8,312,90,132,47,2,10
9,257,99,114,52,3,15
10,283,94,120,45,4,10
11,260,99,141,46,6,15
12,281,111,134,44,2,30
13,313,116,141,53,1,10
14,272,101,173,51,6,10
15,326,128,137,44,3,25
16,268,122,147,55,3,10
17,310,141,160,51,6,25
18,317,129,157,53,3,15
19,291,130,140,53,9,10
20,293,147,145,47,2,15
21,278,155,165,58,6,5
22,276,125,158,51,7,45
23,300,177,175,53,10,35
24,250,193,161,58,6,50
25,249,158,170,67,7,25
26,290,174,184,61,7,35
27,266,161,150,58,5,25
Cycle_id,T2DM_diagnosis_event,T2DM_death_event,CHD_diagnosis_event,CHD_death_event,HCC_diagnosis_event,HCC_death_event
0,0,0,0,0,0,0
1,0,0,0,0,0,0
2,0,0,0,0,0,0
3,263,70,142,36,0,15
4,295,66,130,41,2,5
5,275,82,147,46,3,0
6,293,86,140,50,1,10
7,296,75,133,51,3,10
8,296,90,129,47,2,10
9,242,99,110,52,3,15
10,270,94,117,44,4,10
11,250,98,138,47,6,15
12,269,109,132,44,2,30
13,294,114,139,52,1,10
14,258,97,168,51,4,10
15,310,128,134,44,2,20
16,249,116,144,55,2,10
17,300,137,160,49,6,15
18,305,124,152,53,3,15
19,271,127,138,52,7,10
20,282,141,141,46,1,15
21,260,154,164,56,5,5
22,262,125,150,50,3,35
23,276,167,168,53,7,25
24,228,189,154,58,5,20
25,234,156,168,68,5,20
26,277,168,173,63,6,30
27,248,155,147,55,4,15
Cycle_id,T2DM_diagnosis_event,T2DM_death_event,CHD_diagnosis_event,CHD_death_event,HCC_diagnosis_event,HCC_death_event
0,0,0,0,0,0,0
1,0,0,0,0,0,0
2,0,0,0,0,0,0
3,222,53,168,33,1,15
4,209,53,155,28,2,5
5,230,68,165,40,2,10
6,215,65,178,43,0,10
7,213,53,178,38,1,5
8,243,70,174,36,0,0
9,231,71,175,46,4,5
10,227,73,179,48,2,15
11,236,61,159,43,4,10
12,233,63,155,30,2,20
13,228,74,169,49,4,15
14,234,75,162,56,5,20
15,242,77,170,41,3,15
16,249,94,189,42,2,15
17,238,96,182,45,6,10
18,240,85,194,53,3,30
19,226,95,178,45,5,20
20,244,89,185,48,5,30
21,226,105,194,61,7,20
22,241,94,192,53,7,35
23,248,117,198,50,8,40
24,230,118,186,68,11,15
25,256,103,179,66,9,50
26,245,112,194,54,8,60
27,220,127,198,74,4,50
Cycle_id,T2DM_diagnosis_event,T2DM_death_event,CHD_diagnosis_event,CHD_death_event,HCC_diagnosis_event,HCC_death_event
0,0,0,0,0,0,0
1,0,0,0,0,0,0
2,0,0,0,0,0,0
3,222,53,168,33,1,15
4,209,53,154,28,2,5
5,230,68,165,40,2,10
6,213,65,178,43,0,10
7,211,53,176,38,1,5
8,238,70,173,36,0,0
9,229,71,175,46,4,5
10,224,73,177,48,2,15
11,235,61,158,43,4,10
12,227,61,152,29,1,20
13,226,74,166,49,4,10
14,230,74,161,56,5,20
15,235,78,167,41,3,15
16,246,94,186,42,2,15
17,230,97,178,44,6,10
18,234,86,192,52,3,30
19,219,95,176,43,5,20
20,238,86,182,47,4,30
21,214,105,193,60,4,20
22,239,95,190,52,7,20
23,249,113,197,51,8,35
24,222,117,186,67,9,15
25,251,103,179,65,9,45
26,244,108,192,53,8,55
27,214,129,194,75,4,50
Cycle_id,T2DM_diagnosis_event,T2DM_death_event,CHD_diagnosis_event,CHD_death_event,HCC_diagnosis_event,HCC_death_event
0,0,0,0,0,0,0
1,0,0,0,0,0,0
2,0,0,0,0,0,0
3,222,53,168,33,1,15
4,207,53,154,28,2,5
5,227,68,164,40,2,10
6,211,65,177,43,0,10
7,205,53,172,38,1,5
8,235,70,168,36,0,0
9,225,71,174,46,3,5
10,218,71,170,47,2,15
11,231,61,157,43,3,5
12,222,61,148,29,1,20
13,216,74,166,48,4,10
14,224,74,157,54,5,15
15,227,77,165,41,2,15
16,239,93,179,41,2,15
17,222,97,174,44,5,10
18,227,83,186,52,3,25
19,207,93,167,42,5,15
20,227,85,181,44,4,30
21,208,104,185,60,3,20
22,231,92,189,51,6,15
23,235,114,190,48,6,30
24,219,117,177,68,6,15
25,235,103,173,63,6,35
26,234,106,184,52,8,35
27,205,124,191,73,4,50
Cycle_id,T2DM_diagnosis_event,T2DM_death_event,CHD_diagnosis_event,CHD_death_event,HCC_diagnosis_event,HCC_death_event
0,0,0,0,0,0,0
1,0,0,0,0,0,0
2,0,0,0,0,0,0
3,120,77,111,22,0,10
4,131,58,92,31,4,5
5,168,88,119,32,6,10
6,180,54,122,41,3,15
7,180,74,125,40,3,30
8,164,60,173,39,6,10
9,174,86,149,44,4,5
10,194,82,157,46,4,40
11,168,83,139,49,7,20
12,207,93,158,50,3,45
13,201,92,163,43,8,20
14,197,93,176,47,9,25
15,201,94,174,44,4,35
16,182,85,169,63,5,50
17,199,99,178,52,11,25
18,203,94,192,60,13,35
19,209,93,184,60,13,50
20,226,96,200,65,9,50
21,201,121,195,55,12,55
22,208,114,199,62,12,45
23,202,114,208,70,13,45
24,219,127,216,72,7,50
25,229,109,212,68,9,50
26,232,119,214,82,13,60
27,211,128,221,81,15,75
Cycle_id,T2DM_diagnosis_event,T2DM_death_event,CHD_diagnosis_event,CHD_death_event,HCC_diagnosis_event,HCC_death_event
0,0,0,0,0,0,0
1,0,0,0,0,0,0
2,0,0,0,0,0,0
3,120,77,111,22,0,10
4,128,58,92,31,4,5
5,166,87,118,32,6,10
6,175,54,122,41,3,15
7,178,73,123,40,3,30
8,163,60,169,39,6,10
9,172,86,146,44,4,5
10,184,82,154,45,3,40
11,161,83,133,49,7,15
12,204,91,154,50,3,45
13,189,92,160,42,7,20
14,186,93,173,46,8,25
15,193,93,169,45,3,30
16,175,83,167,62,5,40
17,188,97,172,52,11,25
18,193,94,180,58,12,35
19,202,91,176,59,10,45
20,209,94,191,64,8,40
21,195,119,190,54,11,50
22,201,110,188,63,10,40
23,191,113,204,67,13,45
24,216,125,209,69,6,50
25,218,106,211,67,8,50
26,227,112,205,81,12,50
27,204,124,216,80,14,55
Cycle_id,T2DM_diagnosis_event,T2DM_death_event,CHD_diagnosis_event,CHD_death_event,HCC_diagnosis_event,HCC_death_event
0,0,0,0,0,0,0
1,0,0,0,0,0,0
2,0,0,0,0,0,0
3,120,77,111,22,0,10
4,121,58,91,31,4,5
5,162,87,116,33,6,10
6,167,54,120,41,3,15
7,169,72,118,39,2,30
8,159,60,157,39,6,10
9,160,85,144,44,3,5
10,176,81,151,44,3,35
11,148,83,130,48,7,10
12,191,88,145,47,2,45
13,168,90,151,42,6,15
14,169,91,166,47,6,25
15,175,92,159,45,1,30
16,172,80,160,61,3,20
17,170,93,170,50,6,15
18,182,94,168,56,9,15
19,183,87,167,57,5,30
20,193,92,185,61,5,30
21,178,113,182,54,5,40
22,179,110,184,61,7,15
23,178,108,195,64,11,30
24,204,118,192,73,3,35
25,195,101,205,67,6,25
26,203,108,197,78,6,35
27,184,118,207,78,13,25
Cycle_id,T2DM_diagnosis_event,T2DM_death_event,CHD_diagnosis_event,CHD_death_event,HCC_diagnosis_event,HCC_death_event
0,0,0,0,0,0,0
1,0,0,0,0,0,0
2,0,0,0,0,0,0
3,353,44,177,42,3,20
4,345,51,181,41,5,30
5,400,55,176,56,3,30
6,381,52,171,42,3,10
7,375,64,171,46,4,10
8,368,57,192,49,6,30
9,373,78,173,51,6,25
10,396,71,167,48,8,25
11,403,71,162,48,13,30
12,379,84,174,45,13,50
13,373,88,174,56,11,75
14,353,78,184,58,7,50
15,353,89,177,51,19,45
16,360,90,177,64,11,85
17,343,83,178,48,18,45
18,366,89,202,50,17,100
19,382,94,159,67,15,105
20,359,120,184,56,20,50
21,362,121,174,51,21,105
22,328,116,167,54,9,125
23,373,108,189,68,16,30
24,323,116,162,61,24,85
25,325,115,173,52,15,105
26,331,114,152,51,22,95
27,323,135,173,54,24,100
Cycle_id,T2DM_diagnosis_event,T2DM_death_event,CHD_diagnosis_event,CHD_death_event,HCC_diagnosis_event,HCC_death_event
0,0,0,0,0,0,0
1,0,0,0,0,0,0
2,0,0,0,0,0,0
3,353,44,177,42,3,20
4,340,51,181,41,5,30
5,396,55,174,56,2,30
6,375,52,168,42,3,5
7,374,64,169,46,3,10
8,356,56,192,49,4,25
9,366,78,168,51,3,20
10,388,71,165,48,7,5
11,393,71,155,48,11,25
12,365,83,171,45,13,50
13,363,87,171,56,11,75
14,344,77,180,58,7,45
15,339,90,172,51,16,45
16,352,89,164,63,9,70
17,331,81,174,49,17,35
18,358,87,200,49,17,100
19,365,91,156,66,10,95
20,343,117,181,54,18,40
21,349,118,168,52,19,85
22,321,115,162,53,9,120
23,367,108,185,66,13,30
24,311,116,163,60,22,70
25,314,114,168,51,12,95
26,319,115,150,50,18,85
27,318,131,167,55,17,80
Cycle_id,T2DM_diagnosis_event,T2DM_death_event,CHD_diagnosis_event,CHD_death_event,HCC_diagnosis_event,HCC_death_event
0,0,0,0,0,0,0
1,0,0,0,0,0,0
2,0,0,0,0,0,0
3,353,44,177,42,3,20
4,336,51,179,41,5,30
5,385,55,173,56,2,30
6,361,52,165,42,2,5
7,354,64,162,46,3,5
8,345,56,189,48,3,25
9,353,78,159,51,3,15
10,362,71,157,48,7,5
11,382,71,145,47,11,30
12,335,81,165,44,11,45
13,339,83,164,54,7,65
14,328,74,177,57,4,30
15,322,82,163,51,11,30
16,331,87,159,62,7,45
17,305,78,171,48,13,35
18,339,87,179,48,15,75
19,342,89,150,67,5,80
20,317,119,165,52,15,15
21,313,115,157,49,12,70
22,312,113,157,51,7,90
23,354,107,180,62,10,20
24,297,116,155,61,19,65
25,293,105,158,50,10,75
26,299,119,144,50,13,55
27,311,122,153,56,9,60
Cycle_id,T2DM_diagnosis_event,T2DM_death_event,CHD_diagnosis_event,CHD_death_event,HCC_diagnosis_event,HCC_death_event
0,0,0,0,0,0,0
1,0,0,0,0,0,0
2,0,0,0,0,0,0
3,236,64,160,33,0,5
4,271,55,185,35,2,0
5,266,60,153,30,0,5
6,241,90,152,39,2,10
7,278,86,158,28,3,5
8,325,74,179,40,2,10
9,271,81,180,36,2,0
10,292,91,183,29,7,15
11,314,86,163,37,2,30
12,283,101,162,35,6,5
13,300,110,165,40,2,30
14,292,110,169,34,1,5
15,303,108,197,41,3,10
16,278,98,191,34,5,15
17,302,110,213,42,6,10
18,294,132,181,37,5,40
19,264,121,189,43,6,20
20,280,130,188,49,4,25
21,329,124,192,41,6,15
22,264,136,213,37,6,20
23,319,128,217,45,12,20
24,275,162,206,42,13,40
25,286,167,198,35,9,80
26,276,142,195,53,12,45
27,300,140,213,48,7,30
Cycle_id,T2DM_diagnosis_event,T2DM_death_event,CHD_diagnosis_event,CHD_death_event,HCC_diagnosis_event,HCC_death_event
0,0,0,0,0,0,0
1,0,0,0,0,0,0
2,0,0,0,0,0,0
3,236,64,160,33,0,5
4,266,55,183,35,2,0
5,264,60,152,30,0,5
6,238,90,151,39,2,10
7,272,86,158,28,3,5
8,319,74,178,40,1,10
9,267,80,178,36,1,0
10,289,90,183,28,6,15
11,308,86,160,38,2,30
12,276,100,162,35,5,5
13,295,109,162,40,1,15
14,284,109,166,34,1,0
15,292,108,197,41,3,10
16,272,98,188,34,5,15
17,295,109,209,42,6,10
18,286,131,177,36,5,40
19,260,120,185,43,5,20
20,281,128,186,49,5,20
21,322,124,186,41,5,20
22,261,134,212,37,6,20
23,314,128,213,44,11,15
24,266,157,200,42,12,35
25,278,168,199,34,8,75
26,262,141,198,52,12,45
27,292,139,206,48,6,30
Cycle_id,T2DM_diagnosis_event,T2DM_death_event,CHD_diagnosis_event,CHD_death_event,HCC_diagnosis_event,HCC_death_event
0,0,0,0,0,0,0
1,0,0,0,0,0,0
2,0,0,0,0,0,0
3,236,64,160,33,0,5
4,263,55,182,35,2,0
5,259,60,150,30,0,5
6,232,90,150,39,2,10
7,265,86,155,28,2,5
8,307,73,173,40,1,5
9,257,80,176,36,0,0
10,281,89,175,28,4,15
11,291,85,155,37,1,15
12,258,98,158,35,4,5
13,285,107,156,40,1,5
14,277,105,160,33,1,0
15,279,106,190,41,3,10
16,253,96,181,33,5,15
17,279,106,206,42,4,10
18,274,129,170,36,3,30
19,250,117,181,43,4,20
20,271,128,182,49,5,15
21,295,124,175,40,3,15
22,249,130,203,37,5,25
23,307,118,203,43,10,10
24,253,154,188,42,10,35
25,262,161,190,34,5,55
26,248,137,193,51,8,45
27,270,137,204,48,5,15
Cycle_id,T2DM_diagnosis_event,T2DM_death_event,CHD_diagnosis_event,CHD_death_event,HCC_diagnosis_event,HCC_death_event
0,0,0,0,0,0,0
1,0,0,0,0,0,0
2,0,0,0,0,0,0
3,306,91,112,61,3,10
4,311,83,95,49,2,15
5,369,96,122,50,1,10
6,355,91,119,51,5,15
7,344,120,123,47,1,20
8,338,106,123,45,6,15
9,336,98,148,43,1,25
10,352,98,130,45,5,5
11,346,122,137,46,1,30
12,334,158,120,46,3,25
13,358,138,137,49,4,5
14,326,138,123,45,3,10
15,384,141,153,50,4,15
16,386,148,162,40,3,10
17,363,153,156,50,4,20
18,335,187,174,38,7,5
19,338,155,161,56,2,20
20,337,205,158,49,4,20
21,349,178,178,54,4,25
22,339,159,191,54,4,25
23,301,185,166,55,6,5
24,321,208,191,55,3,20
25,340,233,171,56,5,20
26,351,232,205,47,6,20
27,340,208,176,42,6,40
Cycle_id,T2DM_diagnosis_event,T2DM_death_event,CHD_diagnosis_event,CHD_death_event,HCC_diagnosis_event,HCC_death_event
0,0,0,0,0,0,0
1,0,0,0,0,0,0
2,0,0,0,0,0,0
3,306,91,112,61,3,10
4,310,83,95,49,2,15
5,369,96,122,50,1,10
6,350,91,119,51,4,15
7,341,120,123,47,1,20
8,332,106,121,45,6,10
9,329,98,148,43,1,25
10,347,98,127,45,5,5
11,343,120,136,46,0,30
12,328,158,120,45,2,20
13,354,137,130,49,4,5
14,318,136,123,44,3,10
15,377,140,152,50,2,10
16,375,145,159,40,3,5
17,357,152,151,51,4,20
18,328,185,174,37,6,5
19,328,155,161,56,2,15
20,326,204,156,48,4,20
21,340,177,176,54,4,25
22,329,157,188,54,4,20
23,294,184,164,55,6,5
24,316,200,190,54,2,20
25,338,228,169,56,4,20
26,339,232,204,47,6,15
27,334,203,173,44,6,35
Cycle_id,T2DM_diagnosis_event,T2DM_death_event,CHD_diagnosis_event,CHD_death_event,HCC_diagnosis_event,HCC_death_event
0,0,0,0,0,0,0
1,0,0,0,0,0,0
2,0,0,0,0,0,0
3,306,91,112,61,3,10
4,309,83,95,49,2,15
5,358,96,122,50,1,10
6,345,90,117,51,4,15
7,333,120,122,47,1,20
8,328,106,120,45,6,10
9,319,98,147,43,1,25
10,332,98,125,45,5,5
11,325,119,131,45,0,30
12,310,156,119,45,1,20
13,336,134,131,47,4,5
14,306,134,120,44,2,10
15,369,139,147,49,2,5
16,352,140,154,40,3,0
17,340,148,152,51,2,20
18,317,181,169,38,3,5
19,320,150,158,58,2,10
20,313,200,150,47,4,15
21,332,170,168,56,3,25
22,316,156,184,54,4,15
23,276,177,161,55,5,5
24,309,197,186,53,2,20
25,317,220,166,57,4,20
26,322,229,199,46,5,15
27,328,194,166,41,5,25
Cycle_id,T2DM_diagnosis_event,T2DM_death_event,CHD_diagnosis_event,CHD_death_event,HCC_diagnosis_event,HCC_death_event
0,0,0,0,0,0,0
1,0,0,0,0,0,0
2,0,0,0,0,0,0
3,240,60,114,28,0,5
4,276,69,146,20,2,20
5,240,60,144,34,2,15
6,252,58,129,30,1,10
7,281,73,118,46,2,0
8,261,73,180,34,4,5
9,269,70,151,35,3,0
10,291,75,135,47,6,30
11,295,95,145,29,4,20
12,260,64,177,33,2,10
13,297,94,149,32,2,15
14,301,98,168,26,3,15
15,295,108,161,33,4,10
16,292,98,187,40,5,20
17,285,96,202,39,3,15
18,294,115,160,24,5,25
19,292,114,193,36,7,15
20,293,120,205,29,5,25
21,309,133,197,44,4,35
22,261,127,183,40,6,25
23,270,155,190,42,7,15
24,298,125,211,32,8,40
25,300,146,191,29,8,25
26,273,156,238,40,5,25
27,282,147,223,47,6,40
Cycle_id,T2DM_diagnosis_event,T2DM_death_event,CHD_diagnosis_event,CHD_death_event,HCC_diagnosis_event,HCC_death_event
0,0,0,0,0,0,0
1,0,0,0,0,0,0
2,0,0,0,0,0,0
3,240,60,114,28,0,5
4,274,69,146,20,2,20
5,237,59,144,34,2,15
6,247,58,127,30,1,10
7,281,72,117,46,2,0
8,257,73,179,34,4,5
9,267,70,149,35,3,0
10,284,75,133,47,6,30
11,287,94,142,29,4,20
12,257,64,172,33,2,10
13,290,94,150,32,2,15
14,297,98,163,26,2,15
15,284,107,159,33,4,10
16,285,98,185,39,4,20
17,274,95,200,39,3,15
18,290,112,154,24,5,25
19,288,113,188,37,7,10
20,283,120,202,29,5,25
21,301,131,191,43,3,30
22,251,123,179,40,6,25
23,259,153,186,42,6,15
24,292,124,201,31,8,35
25,290,146,186,29,8,25
26,269,154,233,39,5,20
27,280,143,218,47,6,40
Cycle_id,T2DM_diagnosis_event,T2DM_death_event,CHD_diagnosis_event,CHD_death_event,HCC_diagnosis_event,HCC_death_event
0,0,0,0,0,0,0
1,0,0,0,0,0,0
2,0,0,0,0,0,0
3,240,60,114,28,0,5
4,273,69,146,20,2,20
5,228,59,142,34,2,15
6,244,58,124,30,1,10
7,274,71,115,46,2,0
8,254,73,172,34,4,5
9,257,69,146,34,3,0
10,272,73,131,47,5,30
11,277,94,138,29,3,15
12,240,63,164,32,2,10
13,271,94,143,32,2,15
14,287,96,152,27,2,15
15,276,105,150,33,3,10
16,279,95,176,39,4,15
17,256,96,195,36,3,15
18,271,110,150,24,5,25
19,275,111,183,36,6,10
20,277,118,197,30,5,20
21,280,128,177,42,3,30
22,235,122,173,40,5,25
23,244,149,180,39,4,15
24,280,121,192,30,4,20
25,274,144,168,28,6,20
26,246,148,213,36,4,15
27,272,139,203,47,5,25
Cycle_id,T2DM_diagnosis_event,T2DM_death_event,CHD_diagnosis_event,CHD_death_event,HCC_diagnosis_event,HCC_death_event
0,0,0,0,0,0,0
1,0,0,0,0,0,0
2,0,0,0,0,0,0
3,326,73,176,33,2,25
4,273,74,150,29,0,15
5,277,80,151,33,2,10
6,282,80,176,34,0,10
7,300,86,149,44,2,0
8,315,71,169,35,1,10
9,290,106,150,37,2,10
10,269,94,146,34,2,15
11,329,93,179,37,3,0
12,297,100,151,40,6,15
13,303,98,164,43,1,25
14,286,134,160,54,3,10
15,270,105,165,43,3,5
16,266,130,166,49,3,25
17,274,145,178,55,3,20
18,265,127,184,41,3,10
19,244,125,164,46,5,15
20,262,140,177,43,2,20
21,289,148,155,41,2,15
22,275,137,202,49,7,5
23,259,156,184,47,6,20
24,247,141,174,56,9,40
25,258,151,193,50,6,35
26,324,142,159,44,4,30
27,277,169,158,62,5,25
Cycle_id,T2DM_diagnosis_event,T2DM_death_event,CHD_diagnosis_event,CHD_death_event,HCC_diagnosis_event,HCC_death_event
0,0,0,0,0,0,0
1,0,0,0,0,0,0
2,0,0,0,0,0,0
3,326,73,176,33,2,25
4,273,74,150,29,0,15
5,276,80,150,33,1,10
6,279,80,177,33,0,5
7,298,86,148,44,2,0
8,313,71,169,34,1,10
9,290,106,149,37,2,10
10,267,94,146,34,2,15
11,326,93,178,37,3,0
12,295,100,151,40,6,15
13,304,97,161,43,1,25
14,286,134,159,55,3,10
15,267,105,165,44,3,5
16,261,130,163,49,3,25
17,275,144,177,55,3,20
18,263,125,183,41,3,10
19,242,125,162,46,5,15
20,261,138,175,41,2,20
21,286,147,154,41,2,15
22,273,137,201,50,7,5
23,259,155,183,47,6,20
24,246,139,169,56,9,40
25,253,151,192,49,6,35
26,322,142,161,43,4,30
27,275,168,158,63,4,25
Cycle_id,T2DM_diagnosis_event,T2DM_death_event,CHD_diagnosis_event,CHD_death_event,HCC_diagnosis_event,HCC_death_event
0,0,0,0,0,0,0
1,0,0,0,0,0,0
2,0,0,0,0,0,0
3,326,73,176,33,2,25
4,271,74,150,29,0,15
5,274,80,148,33,1,10
6,276,80,176,33,0,5
7,296,86,147,44,1,0
8,302,71,169,34,1,10
9,288,103,147,37,2,5
10,263,94,143,34,2,15
11,322,93,175,37,2,0
12,287,99,149,39,4,15
13,296,97,160,43,1,20
14,280,134,154,55,3,0
15,265,103,161,44,3,5
16,254,130,160,49,1,25
17,270,141,174,55,3,15
18,256,124,181,42,3,10
19,237,123,159,46,5,10
20,251,138,171,41,2,20
21,287,140,153,41,1,15
22,263,136,202,49,6,0
23,256,150,180,47,7,15
24,239,134,162,56,9,40
25,246,147,193,46,6,35
26,317,140,161,43,4,35
27,270,165,154,63,3,25
Cycle_id,T2DM_diagnosis_event,T2DM_death_event,CHD_diagnosis_event,CHD_death_event,HCC_diagnosis_event,HCC_death_event
0,0,0,0,0,0,0
1,0,0,0,0,0,0
2,0,0,0,0,0,0
3,205,73,132,34,1,5
4,237,58,141,32,3,5
5,213,74,116,43,2,20
6,224,67,143,35,0,5
7,231,93,135,34,1,5
8,222,87,143,51,1,15
9,227,91,141,40,2,5
10,240,81,125,34,2,15
11,234,84,132,50,4,10
12,239,89,147,39,2,5
13,250,92,140,41,4,25
14,212,121,139,41,2,15
15,225,124,142,40,5,20
16,239,118,151,40,5,10
17,215,114,140,54,2,15
18,230,111,159,42,4,15
19,206,112,142,44,6,20
20,210,146,137,49,5,20
21,226,127,146,57,8,20
22,225,124,173,48,8,35
23,228,139,145,45,4,40
24,257,147,173,49,7,40
25,226,147,167,50,6,15
26,252,137,171,56,10,15
27,211,150,162,52,14,45
Cycle_id,T2DM_diagnosis_event,T2DM_death_event,CHD_diagnosis_event,CHD_death_event,HCC_diagnosis_event,HCC_death_event
0,0,0,0,0,0,0
1,0,0,0,0,0,0
2,0,0,0,0,0,0
3,205,73,132,34,1,5
4,237,58,141,32,3,5
5,213,74,115,43,2,20
6,222,67,141,35,0,5
7,229,93,132,34,1,5
8,217,87,140,50,1,15
9,222,90,138,40,1,5
10,234,81,125,34,2,10
11,230,84,129,50,4,10
12,232,88,146,39,2,5
13,247,92,138,40,4,25
14,211,121,136,40,2,15
15,220,124,139,40,4,20
16,234,118,150,40,5,5
17,209,114,136,54,2,15
18,220,107,158,42,4,15
19,201,112,138,44,6,20
20,208,144,130,49,5,20
21,220,128,141,56,8,20
22,216,123,169,47,6,35
23,224,137,144,45,4,35
24,248,145,167,48,7,40
25,221,146,162,49,6,15
26,241,138,169,55,9,15
27,208,146,162,50,12,45
Cycle_id,T2DM_diagnosis_event,T2DM_death_event,CHD_diagnosis_event,CHD_death_event,HCC_diagnosis_event,HCC_death_event
0,0,0,0,0,0,0
1,0,0,0,0,0,0
2,0,0,0,0,0,0
3,205,73,132,34,1,5
4,236,58,140,32,3,5
5,212,74,115,43,2,20
6,222,67,139,35,0,5
7,224,93,128,34,0,5
8,212,87,135,50,1,10
9,215,90,134,39,1,5
10,224,81,120,33,2,10
11,220,84,124,49,4,10
12,220,87,141,39,2,5
13,237,92,136,40,4,25
14,199,118,132,38,1,15
15,215,124,133,39,3,15
16,229,115,141,40,5,5
17,195,114,128,54,2,15
18,205,104,149,42,1,15
19,195,109,134,44,5,20
20,198,139,126,46,3,5
21,206,125,142,54,6,15
22,197,122,166,44,4,35
23,214,134,136,43,3,25
24,237,144,159,47,5,25
25,218,141,152,48,2,10
26,231,133,164,54,8,10
27,189,143,151,51,8,20
Cycle_id,T2DM_diagnosis_event,T2DM_death_event,CHD_diagnosis_event,CHD_death_event,HCC_diagnosis_event,HCC_death_event
0,0,0,0,0,0,0
1,0,0,0,0,0,0
2,0,0,0,0,0,0
3,213,64,106,51,0,10
4,243,67,77,40,0,10
5,223,73,88,35,0,0
6,247,72,95,42,1,0
7,225,92,84,42,1,0
8,247,79,96,33,2,0
9,221,82,96,31,3,5
10,211,88,100,37,3,15
11,215,99,104,44,3,10
12,233,99,82,42,1,10
13,241,109,86,47,5,5
14,242,103,101,37,3,15
15,226,100,93,31,2,30
16,221,113,112,38,6,10
17,239,111,95,29,3,20
18,252,110,111,36,0,5
19,226,110,104,40,1,5
20,247,107,100,34,4,5
21,240,124,129,42,4,5
22,214,107,84,36,3,15
23,230,146,97,37,7,25
24,245,132,100,43,3,30
25,229,127,109,36,3,25
26,215,140,95,39,5,20
27,249,127,109,35,4,20
Cycle_id,T2DM_diagnosis_event,T2DM_death_event,CHD_diagnosis_event,CHD_death_event,HCC_diagnosis_event,HCC_death_event
0,0,0,0,0,0,0
1,0,0,0,0,0,0
2,0,0,0,0,0,0
3,213,64,106,51,0,10
4,243,67,76,40,0,10
5,220,73,88,35,0,0
6,246,71,95,42,1,0
7,222,92,84,42,1,0
8,244,79,96,33,2,0
9,217,79,95,31,3,5
10,209,88,100,37,3,15
11,214,99,105,44,2,10
12,230,98,81,42,1,10
13,237,109,85,47,4,5
14,237,102,98,37,3,10
15,223,99,93,31,2,30
16,217,113,110,38,5,10
17,238,111,94,29,3,20
18,251,110,110,36,0,5
19,223,110,102,39,1,5
20,246,104,100,35,4,5
21,236,121,129,42,3,5
22,208,107,85,36,3,10
23,226,145,96,37,6,25
24,239,132,100,42,3,30
25,227,126,109,36,2,20
26,209,138,93,40,5,20
27,243,125,109,34,4,15
Cycle_id,T2DM_diagnosis_event,T2DM_death_event,CHD_diagnosis_event,CHD_death_event,HCC_diagnosis_event,HCC_death_event
0,0,0,0,0,0,0
1,0,0,0,0,0,0
2,0,0,0,0,0,0
3,213,64,106,51,0,10
4,243,67,76,40,0,10
5,216,73,88,35,0,0
6,241,71,93,42,1,0
7,217,92,84,41,1,0
8,238,79,94,33,2,0
9,210,79,91,31,3,5
10,203,87,99,37,3,15
11,211,99,103,44,1,10
12,225,98,78,42,1,10
13,233,108,83,47,4,0
14,231,100,98,36,2,10
15,216,97,92,31,2,30
16,209,113,107,37,4,5
17,223,107,94,29,2,15
18,244,109,110,36,0,5
19,218,108,101,39,1,5
20,228,103,99,35,4,5
21,229,118,128,40,3,5
22,201,106,84,36,1,10
23,213,142,93,38,4,25
24,235,127,96,42,3,25
25,218,123,110,36,3,15
26,196,137,89,40,4,25
27,231,122,111,32,4,15
Cycle_id,T2DM_diagnosis_event,T2DM_death_event,CHD_diagnosis_event,CHD_death_event,HCC_diagnosis_event,HCC_death_event
0,0,0,0,0,0,0
1,0,0,0,0,0,0
2,0,0,0,0,0,0
3,474,42,142,34,3,30
4,465,68,140,35,3,15
5,460,73,149,21,4,15
6,460,93,127,45,1,20
7,484,79,152,33,2,20
8,505,88,157,40,7,5
9,478,105,147,44,1,15
10,473,104,151,53,3,20
11,452,106,161,39,4,20
12,462,120,168,40,10,10
13,473,108,151,41,7,15
14,425,148,161,36,4,50
15,418,143,163,46,9,30
16,480,142,165,39,7,35
17,427,158,157,42,6,40
18,460,160,177,37,5,35
19,408,147,160,34,9,30
20,400,197,166,35,5,35
21,441,168,150,40,6,40
22,412,186,185,37,3,30
23,410,185,165,42,7,25
24,378,179,136,38,8,35
25,364,192,151,40,6,20
26,404,194,168,36,7,20
27,411,183,149,32,6,15
Cycle_id,T2DM_diagnosis_event,T2DM_death_event,CHD_diagnosis_event,CHD_death_event,HCC_diagnosis_event,HCC_death_event
0,0,0,0,0,0,0
1,0,0,0,0,0,0
2,0,0,0,0,0,0
3,474,42,142,34,3,30
4,461,68,140,35,3,15
5,457,73,146,21,4,15
6,457,93,126,45,1,20
7,480,79,151,33,2,20
8,495,88,156,40,6,5
9,468,105,146,44,1,10
10,462,104,146,53,3,20
11,447,105,160,39,3,20
12,453,120,168,40,9,10
13,463,107,148,41,7,15
14,420,147,160,36,4,45
15,408,141,161,46,8,30
16,468,140,161,39,6,30
17,415,158,155,42,6,35
18,453,157,172,37,5,30
19,403,145,157,34,7,30
20,393,195,163,35,5,25
21,432,166,145,40,6,40
22,409,182,182,37,3,30
23,405,185,163,41,7,25
24,377,176,133,39,8,35
25,360,190,148,38,6,20
26,393,190,165,34,7,20
27,400,181,146,32,6,15
Cycle_id,T2DM_diagnosis_event,T2DM_death_event,CHD_diagnosis_event,CHD_death_event,HCC_diagnosis_event,HCC_death_event
0,0,0,0,0,0,0
1,0,0,0,0,0,0
2,0,0,0,0,0,0
3,474,42,142,34,3,30
4,457,68,140,35,3,15
5,449,73,146,21,3,15
6,451,93,124,45,1,15
7,473,79,146,33,2,20
8,477,88,154,40,4,5
9,452,105,138,44,0,5
10,445,105,144,52,2,15
11,428,104,150,38,3,15
12,433,117,165,40,8,10
13,445,105,143,41,6,10
14,396,147,153,36,5,45
15,386,140,155,46,5,30
16,455,133,156,39,5,25
17,404,157,150,41,5,25
18,448,147,165,37,4,25
19,391,140,152,33,6,20
20,374,191,159,34,4,25
21,412,161,139,38,6,35
22,396,178,168,37,3,25
23,390,184,156,41,7,25
24,369,175,131,40,7,35
25,340,189,147,39,6,15
26,385,185,164,35,4,15
27,386,174,142,33,4,15
Cycle_id,T2DM_diagnosis_event,T2DM_death_event,CHD_diagnosis_event,CHD_death_event,HCC_diagnosis_event,HCC_death_event
0,0,0,0,0,0,0
1,0,0,0,0,0,0
2,0,0,0,0,0,0
3,190,47,136,44,2,35
4,201,47,133,36,0,5
5,200,57,155,45,4,10
6,199,58,156,48,3,15
7,218,48,168,38,6,15
8,218,64,159,48,6,30
9,215,56,185,48,12,25
10,225,67,171,53,6,50
11,244,78,169,52,5,35
12,243,69,171,57,10,15
13,274,60,180,71,6,50
14,231,80,176,70,15,30
15,222,78,204,72,15,40
16,261,83,176,53,18,70
17,245,92,188,57,15,75
18,233,90,210,60,17,65
19,259,98,199,67,28,65
20,235,90,205,56,18,150
21,276,101,182,63,20,80
22,246,89,180,50,21,90
23,231,114,202,91,23,125
24,230,97,204,82,34,70
25,272,110,200,76,33,115
26,237,103,223,72,34,165
27,253,109,191,90,38,200
Cycle_id,T2DM_diagnosis_event,T2DM_death_event,CHD_diagnosis_event,CHD_death_event,HCC_diagnosis_event,HCC_death_event
0,0,0,0,0,0,0
1,0,0,0,0,0,0
2,0,0,0,0,0,0
3,190,47,136,44,2,35
4,196,47,132,36,0,5
5,199,57,153,45,4,10
6,194,58,151,47,3,15
7,205,48,161,37,5,15
8,208,64,156,48,6,30
9,208,55,180,48,10,20
10,224,65,168,53,6,40
11,240,78,166,52,4,35
12,234,69,169,56,9,15
13,270,59,178,69,6,50
14,224,80,172,70,14,30
15,216,77,201,72,14,30
16,251,81,170,53,16,70
17,236,91,181,55,13,70
18,224,88,209,61,16,60
19,249,97,191,64,25,55
20,224,89,198,56,16,140
21,268,100,174,63,17,65
22,240,86,175,51,19,75
23,221,111,198,89,20,110
24,224,96,195,83,31,55
25,263,107,197,77,28,105
26,229,102,213,71,28,145
27,252,107,184,88,28,180
Cycle_id,T2DM_diagnosis_event,T2DM_death_event,CHD_diagnosis_event,CHD_death_event,HCC_diagnosis_event,HCC_death_event
0,0,0,0,0,0,0
1,0,0,0,0,0,0
2,0,0,0,0,0,0
3,190,47,136,44,2,35
4,192,47,131,36,0,5
5,196,56,153,45,3,10
6,186,58,145,47,4,15
7,194,48,153,37,5,10
8,197,64,146,47,4,35
9,191,55,177,46,8,20
10,211,65,163,54,5,35
11,227,76,151,51,3,35
12,221,70,160,55,9,15
13,247,56,168,68,4,30
14,206,76,159,66,10,20
15,195,75,184,73,13,25
16,230,81,162,51,12,45
17,217,85,170,53,10,55
18,207,88,191,60,10,55
19,224,91,173,62,19,45
20,215,85,187,57,10,100
21,239,97,158,63,9,45
22,218,86,162,48,13,35
23,208,105,181,89,15,75
24,206,95,185,76,23,45
25,232,100,192,75,23,80
26,221,91,205,68,16,105
27,244,103,179,85,22,130
Cycle_id,T2DM_diagnosis_event,T2DM_death_event,CHD_diagnosis_event,CHD_death_event,HCC_diagnosis_event,HCC_death_event
0,0,0,0,0,0,0
1,0,0,0,0,0,0
2,0,0,0,0,0,0
3,203,60,111,56,4,10
4,209,71,150,48,0,5
5,216,45,125,49,1,5
6,225,66,136,64,3,5
7,210,77,128,46,2,10
8,220,71,134,62,4,25
9,242,62,136,65,2,10
10,257,73,152,56,7,10
11,244,72,158,49,6,30
12,236,78,170,51,5,15
13,273,81,157,62,8,25
14,265,83,162,47,10,10
15,281,82,157,67,9,60
16,254,80,168,57,14,25
17,245,95,167,57,13,55
18,262,97,167,56,11,75
19,234,117,172,53,13,40
20,253,82,192,67,12,60
21,295,112,196,55,25,45
22,247,126,210,59,12,80
23,273,148,223,67,17,75
24,297,124,188,63,18,65
25,264,123,178,63,16,75
26,267,143,201,64,24,55
27,265,126,209,70,20,105
Cycle_id,T2DM_diagnosis_event,T2DM_death_event,CHD_diagnosis_event,CHD_death_event,HCC_diagnosis_event,HCC_death_event
0,0,0,0,0,0,0
1,0,0,0,0,0,0
2,0,0,0,0,0,0
3,203,60,111,56,4,10
4,206,71,149,48,0,5
5,211,45,125,49,1,5
6,223,66,134,64,3,5
7,209,77,128,46,2,10
8,217,71,131,62,4,25
9,235,62,134,64,2,10
10,250,73,149,56,7,10
11,239,72,155,49,6,30
12,229,76,165,51,5,15
13,262,81,151,62,7,25
14,260,84,160,46,8,10
15,274,79,156,65,9,55
16,246,80,160,57,13,20
17,244,92,165,57,13,45
18,251,98,162,54,10,75
19,228,116,169,53,11,40
20,244,82,188,66,9,55
21,287,110,188,54,23,35
22,241,123,205,56,10,75
23,265,147,217,66,13,65
24,288,122,185,61,16,65
25,259,125,174,59,15,65
26,258,139,198,64,22,50
27,259,124,209,69,17,95
Cycle_id,T2DM_diagnosis_event,T2DM_death_event,CHD_diagnosis_event,CHD_death_event,HCC_diagnosis_event,HCC_death_event
0,0,0,0,0,0,0
1,0,0,0,0,0,0
2,0,0,0,0,0,0
3,203,60,111,56,4,10
4,202,71,148,48,0,5
5,209,45,123,49,1,5
6,219,66,131,64,3,5
7,205,77,123,46,1,10
8,207,71,126,62,4,25
9,225,62,131,64,1,5
10,238,73,142,55,4,10
11,214,71,149,48,4,15
12,217,74,159,46,3,15
13,241,81,147,61,4,15
14,250,80,152,46,8,10
15,259,77,152,66,9,40
16,224,78,147,57,11,20
17,228,91,159,55,11,30
18,233,98,154,54,8,60
19,219,114,160,52,9,40
20,232,79,183,64,5,50
21,269,107,186,52,18,30
22,227,119,190,57,5,55
23,242,140,207,63,10,30
24,268,115,177,62,14,45
25,247,115,173,56,10,65
26,245,134,187,63,19,30
27,241,122,202,66,14,85
